(162,817,812) (425,690,689) 316 - new circuit
(162,817,812) (431,825,988) 321 - add
(906,360,560) (805,96,715) 322 - new circuit
(431,825,988) (425,690,689) 328 - ignored
(862,61,35) (984,92,344) 333 - new circuit
(52,470,668) (117,168,530) 338 - new circuit
(819,987,18) (941,993,340) 344 - new circuit
(906,360,560) (739,650,466) 347 - added
(346,949,466) (425,690,689) 350 - added
(906,360,560) (984,92,344) 352 - added
(592,479,940) (425,690,689) 367 - added

(162,817,812) (425,690,689) (431,825,988) (346,949,466) (592,479,940)
(906,360,560) (805,96,715) (739,650,466) (984,92,344)
(862,61,35) (984,92,344)
(52,470,668) (117,168,530)
(819,987,18) (941,993,340)